1 C:/Users/ala105/prog/gmlib_qmldemo/data/geomod1.jpg

50 50

0.5 0.5 0.5 1 
0.2 0.2 0.2 1
1   1   1   1
50

11
0 0 0 0 1 2 3 4 4 4 4

14
0 0 0 0 1 2 3 4 5 6 7 7 7 7

7 10
0.0 0.0 0.0	0.0 1.0 0.0	0.0 2.0 0.0	0.0 3.0 0.0	0.0 4.0 0.0	0.0 5.0 0.0	0.0 6.0 0.0	0.0 7.0 0.0	0.0 8.0 0.0	0.0 9.0 0.0
1.0 0.0 0.0	1.0 1.0 0.0	1.0 2.0 0.0	1.0 3.0 0.0	1.0 4.0 1.0	1.0 5.0 0.0	1.0 6.0 0.0	1.0 7.0 1.0	1.0 8.0 0.0	1.0 9.0 0.0
2.0 0.0 0.0	2.0 1.0 0.0	2.0 2.0 0.0	2.0 3.0 0.0	2.0 4.0 0.0	2.0 5.0 0.0	2.0 6.0 0.0	2.0 7.0 0.0	2.0 8.0 0.0	2.0 9.0 0.0
3.0 0.0 0.0	3.0 1.0 0.0	3.0 2.0 2.0	3.0 3.0 0.0	3.0 4.0 0.0	3.0 5.0 0.0	3.0 6.0 0.0	3.0 7.0 0.0	3.0 8.0 0.0	3.0 9.0 0.0
4.0 0.0 0.0	4.0 1.0 0.0	4.0 2.0 0.0	4.0 3.0 1.0	4.0 4.0 0.0	4.0 5.0 0.0	4.0 6.0 0.0	4.0 7.0 0.0	4.0 8.0 1.0	4.0 9.0 0.0
5.0 0.0 0.0	5.0 1.0 0.0	5.0 2.0 0.0	5.0 3.0 0.0	5.0 4.0 0.0	5.0 5.0 0.0	5.0 6.0 1.0	5.0 7.0 0.0	5.0 8.0 0.0	5.0 9.0 0.0
6.0 0.0 0.0	6.0 1.0 0.0	6.0 2.0 0.0	6.0 3.0 0.0	6.0 4.0 0.0	6.0 5.0 0.0	6.0 6.0 0.0	6.0 7.0 0.0	6.0 8.0 0.0	6.0 9.0 0.0
