1 C:/work/rulleball/geomod1.jpg

50 50

0.5 0.5 0.5 1 
0.2 0.2 0.2 1
1   1   1 1
50


11
0 0 0 0 1 2 3 4 4 4 4

11
0 0 0 0 1 2 3 4 4 4 4

7 7
0.0 0.0 -1.0	1.0 0.0 -1.0	2.0 0.0 -1.0	3.0 0.0 -1.0	4.0 0.0 -1.0	5.0 0.0 -1.0	6.0 0.0 -1.0
0.0 1.0 -1.0	1.0 1.0 -0.5	2.0 1.0 0.0	3.0 1.0 -0.5	4.0 1.0 0.0	5.0 1.0 -0.5	6.0 1.0 -1.0
0.0 2.0 -1.0	1.0 2.2 0.0	2.0 2.0 0.0	3.0 2.0 0.0	4.0 2.0 -1.0	5.0 2.0 0.0	6.0 2.0 -1.0
0.0 3.0 -1.0	1.0 3.0 0.0	2.0 3.2 -1.0	3.0 3.0 -2.0	4.0 3.0 0.0	5.0 3.0 -1.0	6.0 3.0 -1.0
0.0 4.0 -1.0	1.0 4.0 -1.0	2.0 4.0 0.0	3.0 4.0 -1.0	4.0 4.0 -1.0	5.0 4.0 0.0	6.0 4.0 -1.0
0.0 5.0 -1.0	1.0 5.0 -0.5	2.0 5.0 0.0	3.0 5.0 -0.5	4.0 5.0 0.0	5.0 5.0 -0.5	6.0 5.0 -1.0
0.0 6.0 -1.0	1.0 6.0 -1.0	2.0 6.0 -1.0	3.0 6.0 -1.0	4.0 6.0 -1.0	5.0 6.0 -1.0	6.0 6.0 -1.0
